1	1663	Teji Savanier	512	714	375	29	88	53
2	1643	Yassine Benzia	17	66	39	67	5	73
3	1659	Sanjin Prcic	267	363	141	31	19	79
4	1649	Nabil Fekir	216	666	376	38	51	64
5	1643	Nicolas Pépé	212	753	414	23	70	60
6	1644	Adrien Rabiot	393	582	215	0	9	82
7	1684	Flavien Tait	372	709	385	25	76	55
8	1641	Florian Thauvin	307	574	284	26	48	47
9	1643	Thiago Mendes	722	1010	359	36	62	49
10	1644	Leandro Paredes	593	583	196	28	19	65
11	1647	Valentin Rongier	552	1072	576	38	85	73
12	1661	Wylan Cyprien	862	814	318	27	62	66
13	1644	Dani Alves	449	810	369	26	34	60
14	1641	Dimitri Payet	258	561	286	29	85	47
15	1667	Fayçal Fajr	712	897	389	25	54	59
16	1644	Marco Verratti	696	1183	526	0	31	69
17	1659	Kenny Lala	635	730	377	24	61	71
18	1686	Naïm Sliti	127	526	329	33	74	55
19	1678	Ole Selnæs	388	360	148	38	21	69
20	1681	Ibrahim Sangaré	542	665	307	9	20	50
21	1678	Rémy Cabella	665	1062	588	22	59	63
22	1682	Xavier Chavalerin	647	513	208	27	48	51
23	1653	Rony Lopes	108	326	186	31	47	33
24	1661	Youcef Atal	400	456	230	14	23	53
25	1649	Tanguy Ndombélé	690	1076	435	17	47	78
26	1644	Julian Draxler	464	925	466	31	43	72
27	1653	Youri Tielemans	341	395	179	18	19	51
28	1681	Max Gradel	266	595	358	19	53	38
29	1644	Antoine Bernede	72	87	38	0	1	75
30	1654	Louis Carnot	1	2	1	50	1	0
31	1659	Jonas Martin	666	668	283	25	22	75
32	1649	Houssem Aouar	673	1124	501	29	45	65
33	1642	Ruben Aguilar	488	578	283	27	44	54
34	1644	Christopher Nkunku	164	397	198	20	17	73
35	1649	Kenny Tete	239	325	142	34	19	40
36	1654	Nicolas Benezet	173	419	230	26	43	47
37	1642	Ellyes Skhiri	699	720	290	33	23	68
38	1658	Clément Grenier	634	786	333	25	56	65
39	1678	Yann M'Vila	1164	811	273	43	25	65
40	1678	Youssef Aït Bennasser	664	532	187	33	19	68
41	1659	Anthony Gonçalves	128	184	104	14	14	38
42	1663	Renaud Ripart	306	426	230	13	30	39
43	1641	Maxime López	919	1131	413	36	49	58
44	1661	Pierre Lees Melou	594	627	260	38	30	58
45	1649	Martin Terrier	143	292	158	19	30	53
46	1643	Jonathan Bamba	256	665	367	18	43	60
47	1658	Ismaila Sarr	124	418	273	26	39	39
48	1682	Mathieu Cafaro	173	284	142	27	37	41
49	1653	Cesc Fàbregas	264	354	173	30	18	67
50	1658	Benjamin André	523	650	294	8	21	49
51	1659	Dimitri Liénard	297	322	137	22	15	54
52	1659	Adrien Thomasson	342	546	287	31	42	70
53	1684	Angelo Fulgini	206	381	195	30	39	56
54	1682	Jacques-Alaixys Romao	663	470	165	33	11	57
55	1658	Eduardo Camavinga	56	65	19	0	1	69
56	1676	Thomas Monconduit	484	650	293	36	32	56
57	1645	Otávio	1008	699	209	0	10	55
58	1641	Luiz Gustavo	809	470	153	43	9	52
59	1658	Benjamin Bourigeaud	371	522	256	23	33	54
60	1647	Abdoulaye Touré	488	607	261	29	24	52
61	1682	Remi Oudin	205	257	156	7	25	40
62	1653	Adrien Silva	277	333	122	50	6	64
63	1642	Damien Le Tallec	492	488	201	20	23	69
64	1678	Romain Hamouma	122	268	142	19	34	53
65	1641	Lucas Ocampos	251	400	202	26	31	47
66	1641	Kevin Strootman	480	466	182	21	26	53
67	1644	Moussa Diaby	148	284	163	10	20	56
68	1641	Morgan Sanson	472	612	265	29	25	66
69	1659	Benjamin Corgnet	57	111	57	11	6	75
70	1661	Adrien Tameze	961	700	256	20	25	66
71	1653	Gelson Martins	86	284	184	24	17	45
72	1653	Aleksandr Golovin	289	566	307	22	26	59
73	1681	Matthieu Dossevi	183	416	223	26	61	59
74	1642	Bilal Boutobba	3	10	7	100	1	0
75	1654	Lebogang Phiri	449	440	169	0	15	66
76	1684	Pierrick Capelle	305	388	176	29	26	52
77	1645	Jaroslav Plašil	325	413	160	22	12	74
78	1686	Jordan Marié	320	354	158	20	14	57
79	1681	Jimmy Durmaz	285	580	286	26	39	56
80	1645	Aurelien Tchouameni	132	92	36	0	3	58
81	1684	Baptiste Santamaria	658	549	183	9	13	52
82	1647	Rene Krhin	270	176	55	0	1	56
83	1645	Lukas Lerager	233	286	124	33	9	38
84	1643	Luiz Araújo	50	175	86	30	12	66
85	1678	Arnaud Nordin	97	162	78	13	12	86
86	1686	Mehdi Abeid	465	434	176	21	22	60
87	1678	Yannis Salibur	66	166	91	25	19	46
88	1645	Toma Bašic	211	268	123	24	20	58
89	1659	Lionel Carole	301	360	179	20	22	51
90	1678	Wesley Fofana	55	14	0	0	0	56
91	1653	Jean-Eudes Aholou	208	253	111	20	8	61
92	1643	Jonathan Ikoné	182	498	264	17	57	56
93	1681	Stephane M'Bia	132	36	9	0	1	42
94	1676	Stiven Mendoza	122	355	187	18	26	51
95	1659	Ibrahima Sissoko	430	566	276	35	22	60
96	1649	Lucas Tousart	457	397	157	50	10	56
97	1663	Jordan Ferri	366	557	252	4	25	66
98	1663	Sada Thioub	207	484	285	23	37	57
99	1676	Ganso	83	196	97	44	17	62
100	1654	Lucas Deaux	159	205	99	13	13	58
