1	2672	Thiago Alcántara	92	1074	1244	520	40	82
2	2672	James Rodríguez	87	251	545	284	53	78
3	2569	Kerem Demirbay	81	434	642	316	80	58
4	2541	Edgar Prib	80	25	46	24	6	40
5	2588	Kevin Stöger	85	549	647	314	54	73
6	2673	Jadon Sancho	85	286	846	503	71	57
7	2538	Vincenzo Grifo	79	264	421	231	46	54
8	2672	Thomas Müller	75	258	644	416	62	58
9	2524	Ignacio Camacho	78	121	114	50	2	70
10	2681	Julian Brandt	81	492	933	522	87	66
11	2673	Marco Reus	82	220	621	383	38	70
12	36360	Kevin Kampl	84	426	799	393	49	57
13	2672	Kingsley Coman	85	137	402	231	28	61
14	36360	Tyler Adams	80	173	248	118	5	55
15	2681	Kai Havertz	87	544	1019	546	36	79
16	2524	Maximilian Arnold	81	564	526	241	49	62
17	2673	Thomas Delaney	86	698	680	254	15	57
18	2673	Axel Witsel	93	1016	1223	477	17	76
19	2541	Ihlas Bebou	71	73	194	100	16	45
20	2530	Daniel Caligiuri	69	332	506	237	59	39
21	2674	Filip Kostic	65	227	473	251	46	34
22	2672	Serge Gnabry	83	214	456	261	29	73
23	36360	Emil Forsberg	82	77	327	197	40	65
24	2556	Leandro Barreiro	56	6	8	4	1	50
25	2527	Ibrahima Traoré	80	65	134	72	16	94
26	2569	Florian Grillitsch	83	710	586	243	28	60
27	2674	Sebastian Rode	83	198	245	119	18	58
28	2528	Marko Grujic	82	348	428	166	16	50
29	2681	Charles Aránguiz	89	595	859	358	30	70
30	2673	Mario Götze	82	153	559	320	41	77
31	2674	Jonathan de Guzmán	79	302	382	176	37	52
32	36360	Diego Demme	82	505	701	322	26	52
33	2524	Admir Mehmedi	77	183	355	206	36	63
34	2677	Daniel Didavi	78	103	216	99	28	43
35	2681	Lars Bender	83	320	366	168	14	45
36	2672	Leon Goretzka	88	514	494	235	18	72
37	2528	Ondrej Duda	77	388	553	252	41	56
38	2534	Maximilian Eggestein	80	461	796	400	46	54
39	2672	Javi Martínez	88	454	340	106	7	59
40	2569	Nadiem Amiri	87	127	187	93	16	59
41	2681	Karim Bellarabi	75	113	213	117	27	46
42	2528	Valentino Lazaro	76	409	556	272	56	37
43	2672	Arjen Robben	79	47	189	126	16	50
44	2569	Pavel Kaderábek	76	363	507	243	44	38
45	2556	Jean-Paul Boëtius	77	196	453	268	32	64
46	36360	Marcel Sabitzer	70	200	593	369	36	39
47	2527	Jonas Hofmann	84	340	551	290	35	71
48	2681	Julian Baumgartlinger	90	622	606	248	10	83
49	2528	Maximilian Mittelstädt	73	280	276	107	19	49
50	2530	Nabil Bentaleb	79	373	356	153	18	53
51	2541	Pirmin Schwegler	82	479	445	166	41	50
52	2569	Nico Schulz	78	442	515	271	61	49
53	2673	Julian Weigl	93	725	398	73	2	78
54	2600	Dong-Won Ji	72	94	172	83	10	48
55	2556	Pierre Kunde	83	461	480	205	16	63
56	2600	Rani Khedira	82	784	245	90	9	46
57	2672	Corentin Tolisso	79	11	23	9	2	67
58	2523	Matheus Pereira	74	119	214	128	14	70
59	2569	Dennis Geiger	90	56	70	33	7	100
60	2524	Renato Steffen	76	165	237	121	14	74
61	2527	Tobias Strobl	90	856	483	160	17	69
62	2530	Weston McKennie	72	216	232	102	19	55
63	2534	Davy Klaassen	74	321	574	304	39	45
64	2534	Nuri Sahin	86	485	456	180	15	50
65	2600	Marco Richter	70	116	192	109	16	64
66	2534	Philipp Bargfrede	82	231	221	92	4	63
67	2538	Jérôme Gondorf	73	137	212	115	20	44
68	2524	Josuha Guilavogui	82	410	243	85	8	56
69	2674	Lucas Torró	72	89	99	34	2	44
70	36360	Amadou Haidara	79	38	112	55	6	53
71	2528	Arne Maier	87	559	464	191	19	66
72	2527	Florian Neuhaus	84	288	441	218	29	64
73	2600	André Hahn	58	113	170	81	30	38
74	2541	Florent Muslija	79	89	142	77	15	62
75	2600	Caiuby	70	83	178	88	14	70
76	2588	Benito Raman	70	77	219	153	21	60
77	2538	Janik Haberer	79	439	393	193	46	62
78	2528	Salomon Kalou	73	154	349	209	31	63
79	2677	Steven Zuber	78	184	318	174	19	51
80	2556	Phillipp Mwene	72	33	41	18	3	42
81	2674	Marco Fabián	67	4	4	2	0	0
82	2600	Michael Gregoritsch	71	254	393	190	29	49
83	2527	László Bénes	57	5	3	0	0	25
84	2524	Yannick Gerhardt	78	327	429	224	27	57
85	2674	Timothy Chandler	100	1	2	1	1	100
86	2677	Gonzalo Castro	77	324	321	136	29	40
87	2677	Dennis Aogo	87	280	186	56	15	55
88	2673	Mahmoud Dahoud	83	187	187	97	9	61
89	2527	Christoph Kramer	89	349	303	111	9	59
90	2556	Alexandru Maxim	83	98	190	106	16	74
91	2677	Christian Gentner	72	271	439	228	17	51
92	2673	Marius Wolf	84	188	289	136	7	50
93	2528	Vladimír Darida	86	89	112	49	7	63
94	2530	Omar Mascarell	84	214	183	63	5	53
95	2569	Leonardo Bittencourt	80	139	213	103	22	38
96	2534	Kevin Möhwald	82	172	226	109	9	51
97	2528	Javairô Dilrosun	82	56	118	58	12	55
98	2672	Franck Ribéry	83	181	407	242	21	55
99	2524	Josip Brekalo	73	108	302	190	20	73
100	2677	Santiago Ascacibar	81	435	448	170	13	59


