1	1663	Teji Savanier	56	53	2865	96	43	32
2	1643	Yassine Benzia	63	50	161	3	0	2
3	1659	Sanjin Prcic	53	58	1046	4	7	12
4	1649	Nabil Fekir	53	30	2010	64	44	25
5	1643	Nicolas Pépé	50	54	3326	108	110	37
6	1644	Adrien Rabiot	60	69	1064	8	9	12
7	1684	Flavien Tait	51	40	2995	69	69	34
8	1641	Florian Thauvin	48	37	2622	48	59	30
9	1643	Thiago Mendes	62	39	3082	66	28	35
10	1644	Leandro Paredes	60	53	1250	23	8	14
11	1647	Valentin Rongier	52	44	3227	29	38	36
12	1661	Wylan Cyprien	55	55	2363	48	24	27
13	1644	Dani Alves	42	44	1625	23	24	19
14	1641	Dimitri Payet	45	41	1913	33	31	23
15	1667	Fayçal Fajr	57	45	3240	89	35	36
16	1644	Marco Verratti	58	29	1885	56	36	23
17	1659	Kenny Lala	50	42	3060	37	48	34
18	1686	Naïm Sliti	54	23	2294	69	63	25
19	1678	Ole Selnæs	50	46	1673	11	11	19
20	1681	Ibrahim Sangaré	59	55	2466	39	33	27
21	1678	Rémy Cabella	50	34	3000	67	70	34
22	1682	Xavier Chavalerin	55	30	3240	10	17	36
23	1653	Rony Lopes	51	27	1855	28	23	22
24	1661	Youcef Atal	52	52	2261	58	32	25
25	1649	Tanguy Ndombélé	58	57	2705	72	51	32
26	1644	Julian Draxler	47	63	2044	14	43	22
27	1653	Youri Tielemans	54	61	1684	31	18	20
28	1681	Max Gradel	46	37	3240	94	103	36
29	1644	Antoine Bernede	58	38	170	1	4	2
30	1654	Louis Carnot	0	0	11	0	0	0
31	1659	Jonas Martin	50	48	2060	23	30	23
32	1649	Houssem Aouar	49	35	3082	53	67	36
33	1642	Ruben Aguilar	56	48	2545	40	28	30
34	1644	Christopher Nkunku	53	44	1155	30	20	13
35	1649	Kenny Tete	55	50	1070	12	7	13
36	1654	Nicolas Benezet	50	33	1666	42	54	18
37	1642	Ellyes Skhiri	56	57	3105	34	35	36
38	1658	Clément Grenier	44	51	2667	25	28	29
39	1678	Yann M'Vila	57	56	3260	33	17	37
40	1678	Youssef Aït Bennasser	58	44	2011	21	14	23
41	1659	Anthony Gonçalves	40	48	1059	6	7	12
42	1663	Renaud Ripart	50	40	3009	69	50	34
43	1641	Maxime López	45	35	2191	14	14	25
44	1661	Pierre Lees Melou	50	44	2393	32	25	26
45	1649	Martin Terrier	49	48	1513	12	16	17
46	1643	Jonathan Bamba	42	44	3011	65	82	35
47	1658	Ismaila Sarr	51	38	2794	98	67	32
48	1682	Mathieu Cafaro	46	29	2100	31	30	24
49	1653	Cesc Fàbregas	50	28	969	17	7	12
50	1658	Benjamin André	52	58	2497	48	39	28
51	1659	Dimitri Liénard	55	33	1290	16	14	15
52	1659	Adrien Thomasson	49	26	2485	41	43	28
53	1684	Angelo Fulgini	48	46	1639	46	47	18
54	1682	Jacques-Alaixys Romao	56	52	3165	81	24	36
55	1658	Eduardo Camavinga	60	71	363	11	4	4
56	1676	Thomas Monconduit	53	56	2821	40	25	32
57	1645	Otávio	54	36	2880	24	29	33
58	1641	Luiz Gustavo	60	41	2432	40	11	26
59	1658	Benjamin Bourigeaud	38	30	2435	14	24	28
60	1647	Abdoulaye Touré	53	49	2750	47	40	30
61	1682	Remi Oudin	39	33	2627	16	48	32
62	1653	Adrien Silva	52	58	1183	17	15	13
63	1642	Damien Le Tallec	49	53	2812	26	14	31
64	1678	Romain Hamouma	46	36	1592	34	29	19
65	1641	Lucas Ocampos	49	41	2714	64	57	31
66	1641	Kevin Strootman	53	51	1947	9	17	21
67	1644	Moussa Diaby	38	18	1139	6	24	10
68	1641	Morgan Sanson	47	35	2411	50	48	27
69	1659	Benjamin Corgnet	55	46	677	19	11	6
70	1661	Adrien Tameze	49	47	2950	36	33	34
71	1653	Gelson Martins	46	32	1392	25	23	16
72	1653	Aleksandr Golovin	45	28	2300	43	32	27
73	1681	Matthieu Dossevi	45	32	2481	46	49	30
74	1642	Bilal Boutobba	42	0	31	3	1	0
75	1654	Lebogang Phiri	57	41	1931	14	14	23
76	1684	Pierrick Capelle	42	51	1845	8	33	21
77	1645	Jaroslav Plašil	55	49	1444	25	9	16
78	1686	Jordan Marié	52	41	1809	14	11	20
79	1681	Jimmy Durmaz	44	31	1902	18	40	21
80	1645	Aurelien Tchouameni	45	40	705	8	9	8
81	1684	Baptiste Santamaria	57	48	3247	50	32	37
82	1647	Rene Krhin	64	70	1062	12	5	12
83	1645	Lukas Lerager	49	49	1299	13	8	15
84	1643	Luiz Araújo	45	8	767	8	15	6
85	1678	Arnaud Nordin	53	38	1054	35	30	11
86	1686	Mehdi Abeid	43	40	2025	28	31	23
87	1678	Yannis Salibur	50	35	907	31	29	9
88	1645	Toma Bašic	50	52	1334	23	18	16
89	1659	Lionel Carole	53	46	1728	27	25	20
90	1678	Wesley Fofana	52	43	160	4	0	1
91	1653	Jean-Eudes Aholou	48	47	1073	17	9	12
92	1643	Jonathan Ikoné	43	20	2821	29	65	34
93	1681	Stephane M'Bia	57	57	447	8	0	5
94	1676	Stiven Mendoza	46	35	1887	45	55	22
95	1659	Ibrahima Sissoko	43	56	2675	27	39	30
96	1649	Lucas Tousart	56	48	1742	17	13	20
97	1663	Jordan Ferri	46	41	1991	32	32	22
98	1663	Sada Thioub	43	34	2488	27	61	27
99	1676	Ganso	46	60	517	9	7	5
100	1654	Lucas Deaux	44	44	1195	12	12	17

