1	2672	Thiago Alcántara	63	47	2408	34	28	30
2	2672	James Rodríguez	51	30	1142	15	12	20
3	2569	Kerem Demirbay	49	46	2022	34	52	26
4	2541	Edgar Prib	63	50	203	3	1	4
5	2588	Kevin Stöger	55	27	2120	60	25	25
6	2673	Jadon Sancho	52	5	2459	37	57	34
7	2538	Vincenzo Grifo	54	29	1760	19	28	23
8	2672	Thomas Müller	54	45	2385	24	15	32
9	2524	Ignacio Camacho	57	75	540	11	1	6
10	2681	Julian Brandt	42	46	2673	22	50	33
11	2673	Marco Reus	41	43	2322	31	37	27
12	36360	Kevin Kampl	48	55	2119	8	24	27
13	2672	Kingsley Coman	54	46	1388	41	34	21
14	36360	Tyler Adams	59	52	723	11	6	10
15	2681	Kai Havertz	46	46	2900	52	68	34
16	2524	Maximilian Arnold	57	38	2879	81	29	33
17	2673	Thomas Delaney	60	56	2288	25	14	30
18	2673	Axel Witsel	64	60	2873	50	26	33
19	2541	Ihlas Bebou	55	43	1068	21	21	12
20	2530	Daniel Caligiuri	54	51	2760	38	43	31
21	2674	Filip Kostic	52	50	2960	38	46	34
22	2672	Serge Gnabry	43	29	1774	15	31	30
23	36360	Emil Forsberg	50	44	1252	24	22	20
24	2556	Leandro Barreiro	88	50	90	0	0	1
25	2527	Ibrahima Traoré	62	50	553	6	3	16
26	2569	Florian Grillitsch	59	48	2394	47	11	30
27	2674	Sebastian Rode	55	52	931	10	5	12
28	2528	Marko Grujic	49	65	1780	22	20	22
29	2681	Charles Aránguiz	46	52	1895	32	27	24
30	2673	Mario Götze	42	21	1682	26	41	26
31	2674	Jonathan de Guzmán	55	56	1561	17	16	28
32	36360	Diego Demme	59	54	2064	51	18	26
33	2524	Admir Mehmedi	49	41	1698	38	28	26
34	2677	Daniel Didavi	56	26	950	30	21	20
35	2681	Lars Bender	60	50	1366	28	4	20
36	2672	Leon Goretzka	50	44	2019	20	17	30
37	2528	Ondrej Duda	45	38	2573	45	41	32
38	2534	Maximilian Eggestein	50	46	3053	40	36	34
39	2672	Javi Martínez	58	60	1311	13	2	21
40	2569	Nadiem Amiri	52	31	758	14	13	13
1	2681	Karim Bellarabi	37	25	1057	13	28	19
42	2528	Valentino Lazaro	50	30	2743	28	24	31
43	2672	Arjen Robben	35	55	566	5	10	12
44	2569	Pavel Kaderábek	46	62	2509	18	13	29
45	2556	Jean-Paul Boëtius	49	41	2129	47	38	30
46	36360	Marcel Sabitzer	45	41	2351	30	44	30
47	2527	Jonas Hofmann	45	20	1916	25	26	27
48	2681	Julian Baumgartlinger	57	55	1557	19	15	21
49	2528	Maximilian Mittelstädt	58	64	1803	22	24	25
50	2530	Nabil Bentaleb	54	66	1792	16	12	25
51	2541	Pirmin Schwegler	56	57	2080	35	15	27
52	2569	Nico Schulz	47	31	2542	22	22	30
53	2673	Julian Weigl	61	54	1455	16	4	18
54	2600	Dong-Won Ji	43	53	892	9	19	14
55	2556	Pierre Kunde	60	58	1921	26	23	29
56	2600	Rani Khedira	52	50	2627	23	9	30
57	2672	Corentin Tolisso	33	100	52	1	0	2
58	2523	Matheus Pereira	60	23	1236	48	22	19
59	2569	Dennis Geiger	35	17	246	6	4	4
60	2524	Renato Steffen	58	44	1510	28	15	31
61	2527	Tobias Strobl	52	51	2295	24	10	29
62	2530	Weston McKennie	43	59	1745	17	23	24
63	2534	Davy Klaassen	50	31	2823	24	18	33
64	2534	Nuri Sahin	50	51	1486	9	12	20
65	2600	Marco Richter	40	33	1430	26	43	25
66	2534	Philipp Bargfrede	44	60	1084	16	6	15
67	2538	Jérôme Gondorf	48	44	1292	25	17	25
68	2524	Josuha Guilavogui	53	58	1571	8	7	19
69	2674	Lucas Torró	55	68	560	7	5	8
70	36360	Amadou Haidara	54	52	374	4	7	9
71	2528	Arne Maier	54	50	2068	14	13	24
72	2527	Florian Neuhaus	46	26	2070	40	35	32
73	2600	André Hahn	40	46	2048	20	28	28
74	2541	Florent Muslija	57	0	675	15	15	17
75	2600	Caiuby	42	56	1006	18	13	14
76	2588	Benito Raman	39	30	1678	18	26	30
77	2538	Janik Haberer	49	50	2343	47	41	27
78	2528	Salomon Kalou	43	36	2325	23	59	30
79	2677	Steven Zuber	37	38	1632	23	38	22
80	2556	Phillipp Mwene	57	50	270	8	5	6
81	2674	Marco Fabián	71	0	63	1	1	1
82	2600	Michael Gregoritsch	41	51	2490	28	26	32
83	2527	László Bénes	100	0	26	1	0	1
84	2524	Yannick Gerhardt	51	36	2462	41	35	30
85	2674	Timothy Chandler	0	100	16	0	0	1
86	2677	Gonzalo Castro	47	35	1691	15	21	25
87	2677	Dennis Aogo	50	73	1027	6	7	15
88	2673	Mahmoud Dahoud	46	43	706	7	11	14
89	2527	Christoph Kramer	47	37	1136	14	16	18
90	2556	Alexandru Maxim	45	27	564	7	15	22
91	2677	Christian Gentner	54	52	2027	31	16	29
92	2673	Marius Wolf	49	32	831	13	14	16
93	2528	Vladimír Darida	47	18	373	6	4	10
94	2530	Omar Mascarell	45	52	993	4	8	14
95	2569	Leonardo Bittencourt	54	30	1073	30	14	21
96	2534	Kevin Möhwald	49	43	875	24	11	23
97	2528	Javairô Dilrosun	53	24	891	21	14	17
98	2672	Franck Ribéry	40	11	1167	19	46	25
99	2524	Josip Brekalo	45	29	1414	21	25	25
100	2677	Santiago Ascacibar	58	45	2428	33	19	27
101	2523	Sebastian Kerk	42	60	1192	11	14	21
102	2530	Amine Harit	56	35	1083	50	39	18
103	2523	Ondrej Petrák	52	77	1622	17	11	22
104	2530	Yevhen Konoplyanka	52	42	653	9	4	13
105	2674	Danny da Costa	48	51	3035	20	23	34
106	2524	Felix Klaus	56	28	450	11	5	15
107	2556	Danny Latza	48	52	1873	40	24	24
108	2541	Iver Fossum	58	8	453	3	5	9
109	2673	Jacob Bruun Larsen	44	44	1280	9	21	24
110	2588	Takashi Usami	52	31	876	11	7	19
111	2538	Nicolas Höfler	54	50	1616	23	12	18
112	2674	Mijat Gacinovic	51	28	1621	41	19	29
113	2524	Elvis Rexhbecaj	61	50	1145	34	18	24
114	2527	Denis Zakaria	48	49	1961	19	23	31
115	2588	Jean Zimmer	49	38	1439	24	13	18
116	2672	Renato Sanches	51	20	566	12	9	17
117	2523	Patrick Erras	45	68	1219	3	3	19
118	2681	Dominik Kohr	50	41	977	13	11	18
119	2673	Christian Pulišic	45	33	923	26	43	20
120	36360	Bruma	42	14	549	5	15	14

