1	2695	Rodrigo De Paul	56	13	3193	94	65	36
2	2714	Fabián Ruiz	58	44	1990	22	29	20
3	2697	Marcelo Brozovic	53	39	2656	28	27	31
4	2702	Stephan El Shaarawy	55	56	2108	35	22	23
5	2687	Miralem Pjanic	42	34	2288	21	15	27
6	2685	Erick Pulgar	51	61	2362	34	20	27
7	2697	Ivan Perišic	38	48	2706	11	18	30
8	2714	José Callejón	52	26	2651	48	19	29
9	2693	Jordan Veretout	50	43	2942	38	26	33
10	2696	Cristian Ansaldi	58	20	1815	32	33	23
11	2702	Lorenzo Pellegrini	50	42	1827	32	30	21
12	2686	Robin Gosens	62	69	1946	31	8	23
13	2793	Stefano Sensi	57	42	1978	68	27	23
14	2699	Danilo Cataldi	57	22	571	3	2	4
15	2687	Emre Can	59	61	1818	23	13	20
16	2714	Piotr Zielinski	51	33	2881	29	38	33
17	113755	Jasmin Kurtic	55	44	2561	55	21	29
18	2686	Remo Freuler	57	47	3030	72	40	35
19	2697	Roberto Gagliardini	45	58	1091	19	10	13
20	2702	Steven? N'Zonzi	61	68	2619	15	12	29
21	2705	Ismaël Bennacer	60	53	2959	59	44	32
22	2699	Joaquín Correa	52	38	1918	41	26	18
23	2714	Allan	53	47	2613	62	42	28
24	2692	Giacomo Bonaventura	52	56	651	8	10	8
25	2702	Daniele De Rossi	53	56	1273	9	1	15
26	2697	Radja Nainggolan	46	37	1971	26	45	22
27	2687	Juan Cuadrado	57	50	1224	39	15	14
28	2696	Daniele Baselli	51	42	2388	34	33	27
29	2699	Lucas Leiva	52	60	1988	20	23	22
30	2711	Dennis Praet	53	56	2895	40	50	33
31	2702	Kevin Strootman	29	67	90	0	0	1
32	2693	Tofol Montiel	0	0	11	0	0	0
33	2705	Rade Krunic	54	37	2783	76	37	33
34	2686	Marten de Roon	47	57	2977	14	12	34
35	2687	Federico Bernardeschi	50	42	1473	31	17	14
36	2719	Luca Cigarini	51	50	1687	18	13	20
37	2793	Manuel Locatelli	53	41	1849	29	25	21
38	2692	Franck Kessié	48	50	3021	30	40	34
39	2699	Sergej Milinkovic-Savic	39	54	2405	33	46	29
40	2687	Sami Khedira	54	63	711	5	4	8
41	113755	Manuel Lazzari	54	33	2842	61	42	33
42	2687	Blaise Matuidi	58	39	2427	25	18	29
43	2690	José Machín	64	0	77	0	0	1
44	2714	Marek Hamšík	40	73	922	3	6	12
45	113755	Pasquale Schiattarella	57	63	1843	51	19	20
46	2699	Senad Lulic	47	62	2930	27	31	34
47	2801	Raffaele Maiello	70	48	2046	39	18	22
48	2702	Cengiz Ünder	49	29	1376	29	22	17
49	113755	Mirko Valdifiori	58	29	666	8	3	8
50	2699	Marco Parolo	45	52	2562	15	20	28
51	2702	Javier Pastore	48	33	596	3	6	7
52	2692	Lucas Biglia	57	36	1114	16	12	13
53	2699	Rômulo	57	41	2134	26	11	26
54	2690	Leo Štulac	56	48	1454	29	17	17
55	2711	Albin Ekdal	59	58	2652	68	31	30
56	2692	Tiemoué Bakayoko	58	61	2301	71	42	26
57	2699	Milan Badelj	55	55	1143	15	9	14
58	2713	Ivan Radovanovic	53	66	2989	33	10	34
59	2687	Douglas Costa	51	0	616	8	13	7
60	2719	Nicolò Barella	53	30	3111	82	63	35
61	2694	Emanuele Giaccherini	45	30	2008	48	49	22
62	2686	Hans Hateboer	41	55	2973	13	31	33
63	2686	Timothy Castagne	50	50	2008	14	29	21
64	2801	Andrea Beghetto	46	35	2227	15	10	25
65	2687	Rodrigo Bentancur	46	56	1996	14	23	21
66	2697	João Mário	54	45	1086	23	19	12
67	2695	Rolando Mandragora	50	53	2921	40	14	33
68	2696	Ola Aina	53	58	2162	38	23	22
69	2714	Adam Ounas	48	31	546	10	10	6
70	2705	Miha Zajc	42	30	1165	11	21	12
71	2694	Joel Obi	52	52	665	4	2	9
72	2697	Matías Vecino	50	51	2015	29	14	23
73	2696	Tomás Rincón	47	62	2804	40	33	32
74	113755	Simone Missiroli	59	52	2750	55	25	33
75	2711	Édgar Barreto	45	33	784	9	6	9
76	2693	Gerson	53	45	2441	85	45	27
77	2713	Darko Lazovic	47	45	2547	14	17	30
78	2714	Marko Rog	53	60	331	9	4	4
79	113755	Filippo Costa	66	47	562	7	4	6
80	2711	Gastón Ramírez	44	34	1585	36	49	19
81	113755	Mohamed Fares	49	53	2947	40	39	32
82	2699	Valon Berisha	65	0	192	4	2	1
83	2697	Borja Valero	51	19	1239	23	4	12
84	2696	Soualiho Meïté	51	43	2662	52	47	30
85	2714	Amadou Diawara	51	60	665	2	6	8
86	2801	Luca Valzania	51	61	977	17	6	12
87	2690	Juraj Kucka	43	57	1535	27	28	17
88	2702	Bryan Cristante	45	58	2418	15	34	26
89	2686	Ali Adnan	50	67	166	2	1	2
90	2687	Grigoris Kastanos	75	0	61	2	1	1
91	2801	Federico Viviani	50	80	341	5	4	5
92	2713	Miguel Veloso	42	38	1257	6	6	14
93	2699	Luan Capanni	67	100	8	1	0	0
94	2793	Jérémie Boga	59	15	1439	29	24	14
95	2685	Roberto Soriano	49	45	1960	27	32	23
96	2686	Mario Pašalic	41	52	1613	11	31	17
97	2695	Marco D'Alessandro	61	24	1496	28	16	16
98	2690	Matteo Scozzarella	37	33	1474	11	5	17
99	2711	Karol Linetty	47	40	2518	51	34	30
100	2693	Marco Benassi	48	27	2295	21	15	29

