1	2695	Rodrigo De Paul	76	412	857	481	100	66
2	2714	Fabián Ruiz	90	591	1033	491	62	77
3	2697	Marcelo Brozovic	90	959	1339	579	51	77
4	2702	Stephan El Shaarawy	82	229	447	248	38	74
5	2687	Miralem Pjanic	92	759	1061	497	73	81
6	2685	Erick Pulgar	84	553	688	306	61	61
7	2697	Ivan Perišic	75	281	608	326	61	52
8	2714	José Callejón	87	466	863	424	73	70
9	2693	Jordan Veretout	82	562	960	426	76	50
10	2696	Cristian Ansaldi	73	152	314	166	36	44
11	2702	Lorenzo Pellegrini	80	228	491	253	60	58
12	2686	Robin Gosens	79	309	478	257	19	43
13	2793	Stefano Sensi	90	513	723	346	52	70
14	2699	Danilo Cataldi	84	130	173	75	15	54
15	2687	Emre Can	87	394	486	208	19	70
16	2714	Piotr Zielinski	90	506	1273	670	59	76
17	113755	Jasmin Kurtic	86	503	582	260	37	71
18	2686	Remo Freuler	88	668	1281	675	44	61
19	2697	Roberto Gagliardini	87	265	432	197	14	55
20	2702	Steven? N'Zonzi	88	667	815	310	24	75
21	2705	Ismaël Bennacer	86	793	867	383	32	70
22	2699	Joaquín Correa	86	160	581	381	57	90
23	2714	Allan	90	804	1157	507	35	73
24	2692	Giacomo Bonaventura	89	137	187	107	10	58
25	2702	Daniele De Rossi	87	354	456	184	19	73
26	2697	Radja Nainggolan	84	259	559	304	41	76
27	2687	Juan Cuadrado	88	202	465	255	31	76
28	2696	Daniele Baselli	80	337	618	312	45	55
29	2699	Lucas Leiva	88	503	718	273	31	72
30	2711	Dennis Praet	87	609	932	474	37	59
31	2702	Kevin Strootman	78	11	17	8	2	0
32	2693	Tofol Montiel	60	0	3	3	2	0
33	2705	Rade Krunic	81	316	738	473	52	67
34	2686	Marten de Roon	88	727	1196	606	31	62
35	2687	Federico Bernardeschi	83	171	368	207	36	66
36	2719	Luca Cigarini	80	493	572	241	33	46
37	2793	Manuel Locatelli	87	460	582	286	41	63
38	2692	Franck Kessié	87	596	879	461	43	55
39	2699	Sergej Milinkovic-Savic	80	403	716	383	48	73
40	2687	Sami Khedira	86	133	169	59	6	22
41	113755	Manuel Lazzari	82	373	536	243	56	49
42	2687	Blaise Matuidi	88	416	664	268	23	77
43	2690	José Machín	76	12	7	3	1	67
44	2714	Marek Hamšík	88	285	464	175	16	68
45	113755	Pasquale Schiattarella	87	577	587	269	38	54
46	2699	Senad Lulic	78	379	686	385	52	52
47	2801	Raffaele Maiello	82	548	444	171	19	57
48	2702	Cengiz Ünder	78	108	300	191	33	55
49	113755	Mirko Valdifiori	86	213	236	95	22	53
50	2699	Marco Parolo	78	331	482	250	31	52
51	2702	Javier Pastore	86	86	238	150	18	75
52	2692	Lucas Biglia	90	401	352	157	12	74
53	2699	Rômulo	83	296	431	206	37	49
54	2690	Leo Štulac	86	319	253	83	21	62
55	2711	Albin Ekdal	86	689	738	260	18	53
56	2692	Tiemoué Bakayoko	87	547	606	239	25	62
57	2699	Milan Badelj	86	322	418	170	10	62
58	2713	Ivan Radovanovic	84	709	722	278	14	67
59	2687	Douglas Costa	86	64	199	128	21	84
60	2719	Nicolò Barella	82	589	911	431	43	56
61	2694	Emanuele Giaccherini	78	272	514	278	45	60
62	2686	Hans Hateboer	84	555	798	455	48	49
63	2686	Timothy Castagne	84	356	508	260	29	52
64	2801	Andrea Beghetto	68	285	270	100	55	34
65	2687	Rodrigo Bentancur	87	415	648	268	24	65
66	2697	João Mário	85	227	378	216	18	70
67	2695	Rolando Mandragora	84	461	507	233	29	69
68	2696	Ola Aina	78	306	394	206	25	53
69	2714	Adam Ounas	83	57	170	95	18	71
70	2705	Miha Zajc	83	127	333	182	24	51
71	2694	Joel Obi	85	135	107	36	5	33
72	2697	Matías Vecino	82	367	545	245	20	57
73	2696	Tomás Rincón	79	436	632	312	28	55
74	113755	Simone Missiroli	83	518	729	348	27	56
75	2711	Édgar Barreto	81	150	241	116	11	51
76	2693	Gerson	83	343	583	314	37	52
77	2713	Darko Lazovic	75	187	433	239	46	37
78	2714	Marko Rog	91	78	89	24	0	75
79	113755	Filippo Costa	78	62	76	38	7	33
80	2711	Gastón Ramírez	79	197	449	236	33	53
81	113755	Mohamed Fares	78	410	504	233	38	32
82	2699	Valon Berisha	87	50	74	30	4	100
83	2697	Borja Valero	94	402	698	305	20	74
84	2696	Soualiho Meïté	82	374	577	281	33	65
85	2714	Amadou Diawara	93	250	254	96	5	76
86	2801	Luca Valzania	77	91	126	64	11	48
87	2690	Juraj Kucka	69	168	221	116	16	41
88	2702	Bryan Cristante	82	380	688	325	28	57
89	2686	Ali Adnan	71	25	38	17	3	44
90	2687	Grigoris Kastanos	84	2	14	8	0	0
91	2801	Federico Viviani	85	96	88	34	3	60
92	2713	Miguel Veloso	80	181	282	118	24	44
93	2699	Luan Capanni	60	0	3	2	0	0
94	2793	Jérémie Boga	87	133	268	152	16	57
95	2685	Roberto Soriano	82	207	470	266	34	54
96	2686	Mario Pašalic	83	333	494	233	23	79
97	2695	Marco D'Alessandro	74	161	215	98	22	32
98	2690	Matteo Scozzarella	82	275	256	113	19	61
99	2711	Karol Linetty	84	462	594	292	30	66
100	2693	Marco Benassi	77	211	406	242	32	38
101	2690	Alberto Grassi	81	50	44	20	2	64
102	2695	Hidde ter Avest	73	130	156	76	9	31
103	2696	Lorenzo De Silvestri	68	215	398	182	28	28
104	2686	Emiliano Rigoni	73	35	110	72	9	71
105	2713	Daniel Bessa	84	279	605	371	40	61
106	2719	Filip Bradaric	86	485	398	157	9	67
107	2695	Seko Fofana	85	442	517	215	37	65
108	2685	Ádám Nagy	87	233	210	93	9	63
109	2719	Lucas Castro	80	125	238	112	15	37
110	113755	Alessandro Murgia	88	218	207	90	18	68
111	2685	Blerim Džemaili	79	190	358	184	17	57
112	2719	Valter Birsa	82	185	419	215	33	71
113	2793	Alfred Duncan	82	290	381	187	33	54
114	2697	Antonio Candreva	83	42	152	75	17	67
115	2685	Ladislav Krejcí	84	184	228	124	17	35
116	2685	Andrea Poli	89	288	362	191	14	70
117	2699	Adam Marušic	84	259	398	211	22	55
118	2713	Oscar Hiljemark	82	166	224	120	12	54
119	2793	Francesco Magnanelli	89	609	558	233	6	60
120	2695	Sandro	79	244	230	82	9	53


