1	31	James Maddison	84	321	922	521	101	66
2	60	Ryan Fraser	77	326	670	395	93	41
3	17	Kevin De Bruyne	84	172	456	268	36	68
4	17	David Silva	88	494	1295	774	77	66
5	31	Youri Tielemans	85	201	346	183	17	77
6	17	Ilkay Gündogan	91	582	1258	562	44	73
7	48	Gylfi Sigurðsson	76	223	579	331	75	47
8	33	Christian Eriksen	81	497	1053	531	74	50
9	7	Luka Milivojevic	80	814	827	326	60	49
10	35	Paul Pogba	83	580	1136	588	55	66
11	59	Philip Billing	79	399	454	218	23	59
12	17	Fernandinho	87	703	1090	465	23	59
13	44	James Milner	85	470	753	382	44	60
14	17	Bernardo Silva	86	395	1086	632	72	63
15	3	João Moutinho	85	651	992	432	84	62
16	39	Jonjo Shelvey	71	190	270	145	25	47
17	45	Steven Davis	94	27	38	17	3	80
18	48	Idrissa Gueye	84	693	777	359	18	62
19	37	Felipe Anderson	76	394	907	508	66	57
20	42	Granit Xhaka	85	959	988	450	40	62
21	39	Matt Ritchie	73	338	533	249	61	38
22	38	Jorginho	89	1170	1613	751	31	72
23	31	Wilfred Ndidi	80	766	819	328	23	52
24	33	Dele Alli	80	284	543	276	27	53
25	24	Étienne Capoue	84	784	693	249	12	59
26	42	Henrikh Mkhitaryan	80	197	447	291	31	51
27	30	Pascal Groß	76	212	446	249	55	46
28	42	Mesut Özil	89	233	776	497	49	76
29	3	Romain Saïss	77	322	248	70	4	54
30	39	Miguel Almirón	75	48	139	85	13	80
31	6	Ashley Westwood	76	451	665	312	43	45
32	3	Matt Doherty	72	358	658	367	38	41
33	43	Ryan Babel	83	130	270	125	23	50
34	35	Ander Herrera	88	404	457	189	15	56
35	59	Aaron Mooy	80	327	737	404	43	51
36	44	Xherdan Shaqiri	81	157	375	196	21	65
37	45	Pierre-Emile Højbjerg	83	603	891	385	28	54
38	37	Jack Wilshere	89	79	115	46	5	79
39	43	Jean-Michaël Seri	87	656	768	323	58	70
40	3	Rúben Neves	81	830	751	292	25	58
41	45	James Ward-Prowse	77	201	390	180	48	35
42	37	Declan Rice	86	660	652	220	9	68
43	60	David Brooks	73	238	396	237	31	41
44	35	Juan Mata	86	182	433	237	31	72
45	44	Jordan Henderson	87	648	875	331	16	60
46	39	Isaac Hayden	79	295	281	132	23	48
47	38	Ruben Loftus-Cheek	88	164	372	223	17	85
48	44	Fabinho	85	633	744	277	16	49
49	30	Solly March	71	204	375	213	41	37
50	60	Jefferson Lerma	83	698	603	263	15	55
51	33	Érik Lamela	83	94	267	133	23	73
52	39	Sean Longstaff	81	137	102	57	5	58
53	45	Mario Lemina	86	290	409	164	13	61
54	42	Lucas Torreira	87	700	698	252	17	59
55	38	Ross Barkley	91	354	517	253	22	87
56	17	Phil Foden	87	58	143	81	8	50
57	45	Nathan Redmond	75	204	665	408	52	55
58	6	Dwight McNeil	76	131	245	111	26	35
59	37	Robert Snodgrass	82	231	623	324	59	54
60	38	N'Golo Kanté	88	618	1164	653	46	73
61	43	Tom Cairney	90	511	733	348	40	65
62	31	Hamza Choudhury	85	107	97	49	5	48
63	39	Sung-Yueng Ki	85	253	269	130	16	66
64	6	Jóhann Guðmundsson	73	99	294	165	37	35
65	37	Samir Nasri	88	37	101	63	6	88
66	48	Morgan Schneiderlin	89	227	257	92	9	57
67	42	Aaron Ramsey	82	227	412	242	25	70
68	44	Georginio Wijnaldum	91	704	910	363	25	66
69	35	Jesse Lingard	86	174	480	252	18	53
70	3	Leander Dendoncker	79	250	233	104	7	58
71	33	Lucas Moura	76	129	422	220	27	46
72	37	Mark Noble	85	584	707	303	22	73
73	31	Marc Albrighton	66	151	279	160	29	41
74	42	Mohamed Elneny	91	136	117	43	5	83
75	61	Víctor Camarasa	75	195	511	280	51	51
76	60	Junior Stanislas	77	122	269	165	16	48
77	24	Abdoulaye Doucouré	83	752	869	406	38	54
78	30	Anthony Knockaert	77	177	335	166	35	58
79	33	Eric Dier	85	511	409	134	8	52
80	38	Mateo Kovacic	92	429	923	454	25	72
81	48	Richarlison	69	151	395	251	22	50
82	44	Alex Oxlade-Chamberlain	77	1	9	3	1	0
83	48	James McCarthy	100	5	1	0	0	0
84	30	Dale Stephens	84	602	531	220	18	66
85	59	Jonathan Hogg	83	660	629	279	16	51
86	35	Nemanja Matic	87	830	768	298	13	66
87	37	Michail Antonio	68	130	331	184	24	43
88	42	Mattéo Guendouzi	88	615	788	366	17	68
89	59	Alex Pritchard	75	203	485	299	33	45
90	3	Jonny Castro	78	346	499	253	31	41
91	7	Max Meyer	84	208	352	184	22	57
92	43	Calum Chambers	79	653	520	207	16	43
93	7	James McArthur	79	490	622	292	31	44
94	42	Alex Iwobi	78	205	547	354	41	48
95	35	Fred	86	311	358	142	12	73
96	33	Moussa Sissoko	87	534	639	263	26	65
97	45	Mohamed Elyounoussi	73	47	129	59	15	50
98	45	Oriol Romeu	79	389	487	184	8	48
99	37	Pedro Obiang	80	176	255	117	7	69
100	61	Harry Arter	81	241	296	158	10	57
101	60	Dan Gosling	80	397	376	181	10	45
102	33	Harry Winks	92	571	704	269	8	68
103	61	Aron Gunnarsson	72	236	302	134	16	34
104	44	Naby Keïta	88	326	563	274	11	67
105	44	Adam Lallana	82	70	180	107	10	42
106	37	Manuel Lanzini	90	150	257	112	5	64
107	24	Will Hughes	76	233	503	319	28	39
108	45	Stuart Armstrong	78	132	354	226	30	64
109	60	Andrew Surman	87	377	353	157	10	60
110	30	Yves Bissouma	82	247	340	165	13	45
111	7	Jeffrey Schlupp	76	186	296	137	16	38
112	61	Joe Ralls	69	178	384	220	35	45
113	33	Victor Wanyama	81	105	160	50	2	11
114	31	Rachid Ghezzal	79	105	246	134	16	66
115	33	Oliver Skipp	84	68	52	19	1	44
116	35	Marouane Fellaini	81	165	181	71	3	31
117	38	Cesc Fàbregas	87	76	91	50	3	47
118	30	Davy Pröpper	80	440	533	250	19	59
119	24	Roberto Pereyra	83	300	641	391	35	82
120	43	André Zambo Anguissa	87	434	478	176	7	64

