1	44	Virgil van Dijk	2724	313	3037	90	1770	954
2	44	Trent Alexander-Arnold	1315	382	1697	77	571	802
3	48	Lucas Digne	1108	349	1457	76	504	687
4	38	David Luiz	2306	314	2620	88	1369	938
5	33	Kieran Trippier	1218	324	1542	79	562	710
6	44	Joël Matip	1166	175	1341	87	779	387
7	17	Nicolás Otamendi	1152	93	1245	93	651	501
8	17	Aymeric Laporte	2768	230	2998	92	1416	1352
9	17	Benjamin Mendy	574	76	650	88	192	393
10	44	Andrew Robertson	1993	403	2396	83	825	1189
11	17	Vincent Kompany	1142	85	1227	93	631	511
12	39	Fabian Schär	677	317	994	68	407	272
13	17	Danilo	667	100	767	87	241	428
14	38	César Azpilicueta	2160	323	2483	87	1063	1118
15	17	Oleksandr Zinchenko	1083	101	1184	91	332	758
16	33	Kyle Walker-Peters	156	32	188	83	62	98
17	44	Dejan Lovren	711	110	821	87	520	193
18	33	Toby Alderweireld	2087	271	2358	89	1424	665
19	17	John Stones	1649	102	1751	94	930	720
20	17	Kyle Walker	2153	236	2389	90	864	1293
21	42	Laurent Koscielny	819	72	891	92	604	215
22	30	Shane Duffy	981	324	1305	75	781	201
23	38	Marcos Alonso	1600	281	1881	85	676	933
24	31	Harry Maguire	1495	252	1747	86	854	641
25	6	James Tarkowski	789	347	1136	69	485	305
26	7	Aaron Wan-Bissaka	851	314	1165	73	341	522
27	39	Ciaran Clark	228	76	304	75	161	67
28	61	Sol Bamba	380	170	550	69	233	147
29	48	Michael Keane	1288	305	1593	81	884	405
30	35	Ashley Young	1067	309	1376	78	475	634
31	39	Florian Lejeune	429	134	563	76	282	148
32	33	Jan Vertonghen	1340	191	1531	88	757	588
33	35	Phil Jones	698	56	754	93	494	204
34	37	Issa Diop	974	159	1133	86	699	275
35	60	Steve Cook	1190	311	1501	79	811	382
36	42	Nacho Monreal	1023	145	1168	88	518	509
37	45	Jannik Vestergaard	650	195	845	77	390	260
38	3	Willy Boly	1389	326	1715	81	862	527
39	42	Shkodran Mustafi	1445	320	1765	82	1017	429
40	38	Antonio Rüdiger	2321	216	2537	91	1519	802
41	45	Matt Targett	310	133	443	70	91	242
42	24	José Holebas	570	262	832	69	258	354
43	44	Joe Gomez	689	98	787	88	468	223
44	39	Jamaal Lascelles	847	257	1104	77	655	192
45	31	Ricardo Pereira	1196	336	1532	78	511	700
46	6	Ben Mee	1124	377	1501	75	702	424
47	60	Nathan Aké	1459	237	1696	86	1079	385
48	7	Patrick van Aanholt	1284	326	1610	80	597	698
49	35	Antonio Valencia	228	43	271	84	89	144
50	30	Bernardo	571	214	785	73	276	301
51	35	Luke Shaw	1381	277	1658	83	614	781
52	24	Daryl Janmaat	454	145	599	76	237	231
53	48	Kurt Zouma	1205	237	1442	84	826	379
54	31	Wes Morgan	721	171	892	81	526	195
55	17	Fabian Delph	633	60	693	91	252	384
56	42	Konstantinos Mavropanos	127	10	137	93	83	44
57	30	Lewis Dunk	1233	257	1490	83	892	341
58	45	Jan Bednarek	580	242	822	71	363	217
59	45	Maya Yoshida	421	135	556	76	279	142
60	42	Sokratis	1240	147	1387	89	975	265
61	31	Christian Fuchs	98	20	118	83	34	68
62	31	Jonny Evans	872	157	1029	85	673	200
63	6	Kevin Long	136	32	168	81	96	40
64	7	James Tomkins	923	188	1111	83	665	258
65	61	Sean Morrison	463	274	737	63	290	173
66	7	Mamadou Sakho	1171	150	1321	89	793	378
67	7	Scott Dann	192	72	264	73	130	62
68	37	Fabián Balbuena	661	171	832	79	459	202
69	37	Angelo Ogbonna	664	131	795	84	441	223
70	35	Chris Smalling	822	132	954	86	617	205
71	59	Zanka	963	210	1173	82	651	313
72	33	Danny Rose	685	244	929	74	278	427
73	35	Victor Lindelöf	1329	161	1490	89	944	385
74	33	Davinson Sánchez	1294	146	1440	90	933	361
75	38	Andreas Christensen	425	33	458	93	284	141
76	42	Rob Holding	537	77	614	87	396	141
77	3	Ryan Bennett	1071	275	1346	80	704	367
78	48	Séamus Coleman	931	262	1193	78	408	540
79	45	Wesley Hoedt	488	133	621	79	290	198
80	24	Adam Masina	352	84	436	81	181	176
81	42	Héctor Bellerín	661	124	785	84	318	352
82	37	Aaron Cresswell	661	151	812	81	274	403
83	39	Paul Dummett	539	219	758	71	299	247
84	6	Ben Gibson	22	11	33	67	16	6
85	43	Joe Bryan	716	235	951	75	346	392
86	39	Federico Fernández	482	129	611	79	343	141
87	3	Conor Coady	1423	265	1688	84	1026	397
88	33	Ben Davies	898	187	1085	83	413	494
89	35	Diogo Dalot	300	123	423	71	113	201
90	59	Jon Gorenc Stanković	222	72	294	76	138	84
91	31	Daniel Amartey	316	55	371	85	165	151
92	24	Craig Cathcart	1044	237	1281	82	740	304
93	59	Christopher Schindler	1285	266	1551	83	1009	276
94	38	Emerson Palmieri	392	44	436	90	159	236
95	31	Ben Chilwell	1218	466	1684	72	511	729
96	7	Martin Kelly	269	88	357	75	181	89
97	37	Arthur Masuaku	733	147	880	83	325	412
98	48	Yerry Mina	424	80	504	84	301	123
99	31	Danny Simpson	78	32	110	71	46	32
100	60	Tyrone Mings	73	14	87	84	47	27
101	61	Joe Bennett	498	196	694	72	164	345
102	35	Matteo Darmian	149	26	175	85	70	80
103	6	Phil Bardsley	383	172	555	69	160	233
104	6	Stephen Ward	84	29	113	74	36	48
105	59	Terence Kongolo	896	253	1149	78	563	337
106	30	Bruno Saltor	420	90	510	82	223	202
107	39	Javier Manquillo	246	106	352	70	102	147
108	61	Bruno Ecuele Manga	621	336	957	65	296	327
109	60	Simon Francis	479	175	654	73	245	245
110	45	Ryan Bertrand	584	190	774	75	199	407
111	6	Charlie Taylor	850	324	1174	72	410	462
112	43	Alfie Mawson	393	84	477	82	287	106
113	35	Eric Bailly	263	39	302	87	197	66
114	33	Serge Aurier	202	67	269	75	85	124
115	24	Marc Navarro	19	4	23	83	15	5
116	24	Kiko Femenia	769	156	925	83	360	423
117	37	Pablo Zabaleta	660	200	860	77	266	402
118	43	Maxime Le Marchand	1154	232	1386	83	826	332
119	30	Martín Montoya	686	172	858	80	370	332
120	43	Denis Odoi	1094	238	1332	82	706	392
121	48	Mason Holgate	194	59	253	77	106	88
122	37	Ryan Fredericks	309	127	436	71	132	182
123	45	Cédric Soares	435	159	594	73	167	283
124	24	Adrian Mariappa	725	157	882	82	542	184
125	33	Juan Foyth	499	87	586	85	320	179
126	61	Lee Peltier	206	136	342	60	88	121
127	43	Håvard Nordtveit	187	38	225	83	142	45
128	38	Davide Zappacosta	60	15	75	80	36	24
129	44	Alberto Moreno	92	13	105	88	50	43
130	24	Christian Kabasele	408	143	551	74	304	104
131	60	Chris Mepham	323	82	405	80	256	67
132	60	Charlie Daniels	661	179	840	79	334	336
133	60	Adam Smith	715	157	872	82	320	399
134	59	Chris Löwe	632	208	840	75	329	334
135	45	Jack Stephens	575	192	767	75	332	243
136	30	Leon Balogun	164	52	216	76	141	23
137	60	Diego Rico	207	78	285	73	106	112
138	6	Matthew Lowton	442	196	638	69	196	253
139	48	Jonjoe Kenny	307	120	427	72	123	188
140	39	DeAndre Yedlin	525	207	732	72	215	328
141	38	Gary Cahill	16	2	18	89	5	11
142	48	Leighton Baines	157	34	191	82	62	101
143	61	Greg Cunningham	132	47	179	74	52	82
144	48	Phil Jagielka	143	49	192	74	110	33
145	43	Cyrus Christie	675	209	884	76	327	364
146	7	Joel Ward	138	52	190	73	65	73
147	60	Nathaniel Clyne	394	124	518	76	179	219
148	43	Timothy Fosu-Mensah	330	76	406	81	165	168
149	31	Çağlar Söyüncü	184	36	220	84	132	53
150	59	Erik Durm	534	240	774	69	231	315
151	43	Tim Ream	925	128	1053	88	643	282
152	39	Antonio Barreca	1	1	2	50	0	1
153	60	Jack Simpson	194	42	236	82	142	52
154	42	Carl Jenkinson	58	17	75	77	23	35
155	35	Marcos Rojo	90	34	124	73	52	38
156	42	Stephan Lichtsteiner	377	103	480	79	210	168
157	24	Sebastian Prödl	3	0	3	100	3	0
158	30	Gaëtan Bong	447	155	602	74	226	230
159	61	Jazz Richards	18	8	26	69	9	9
160	24	Miguel Britos	47	12	59	80	32	15
